1 1.0522e-05
2 1.051e-05
3 1.057e-05
4 1.0625e-05
5 1.052e-05
6 1.0523e-05
7 1.057e-05
8 1.0679e-05
9 1.0604e-05
10 1.1261e-05
20 1.0948e-05
30 1.1156e-05
40 1.1397e-05
50 1.1542e-05
60 1.1829e-05
70 1.2055e-05
80 1.2306e-05
90 1.2707e-05
100 1.2911e-05
200 1.5086e-05
300 1.7839e-05
400 1.9865e-05
500 2.2126e-05
600 2.4499e-05
700 2.6849e-05
800 2.9233e-05
900 3.1494e-05
1000 3.3952e-05
2000 5.7189e-05
3000 8.0683e-05
4000 0.00010412
5000 0.000132663
6000 0.000151079
7000 0.000179803
8000 0.000197867
9000 0.000234541
10000 0.000244759
20000 0.000483683
30000 0.00071779
40000 0.000959925
50000 0.00119326
60000 0.00143055
70000 0.00165692
80000 0.00189921
90000 0.00213347
100000 0.00236358
200000 0.00472087
300000 0.00706367
400000 0.00941012
500000 0.0117548
600000 0.014103
700000 0.016463
800000 0.0187967
900000 0.0211452
1000000 0.0234944
2000000 0.0469945
3000000 0.0704425
4000000 0.0938997
5000000 0.117392
6000000 0.140829
7000000 0.164377
8000000 0.187778
9000000 0.211237
10000000 0.234707
20000000 0.469391
30000000 0.704155
40000000 0.938857
50000000 1.17348
60000000 1.40812
70000000 1.6428
80000000 1.87764
90000000 2.11219
100000000 2.34692
