1 1.2183e-05
2 1.0584e-05
3 1.0485e-05
4 1.0589e-05
5 1.0637e-05
6 1.0475e-05
7 1.0413e-05
8 1.0488e-05
9 1.5339e-05
10 1.0513e-05
20 1.0624e-05
30 1.07e-05
40 1.0664e-05
50 1.0741e-05
60 1.0814e-05
70 1.0858e-05
80 1.1066e-05
90 1.0936e-05
100 1.0913e-05
200 1.1402e-05
300 1.1768e-05
400 1.2245e-05
500 1.2693e-05
600 1.3149e-05
700 1.3617e-05
800 1.4021e-05
900 1.4402e-05
1000 1.5011e-05
2000 1.9412e-05
3000 2.3845e-05
4000 2.8256e-05
5000 3.2878e-05
6000 3.7185e-05
7000 4.167e-05
8000 4.6056e-05
9000 5.0549e-05
10000 5.4915e-05
20000 0.000115359
30000 0.000143887
40000 0.000188267
50000 0.000232729
60000 0.000277206
70000 0.000321606
80000 0.000359859
90000 0.000410625
100000 0.000455153
200000 0.000817607
300000 0.00125101
400000 0.00166099
500000 0.00204419
600000 0.00240945
700000 0.00283011
800000 0.00321897
900000 0.0036659
1000000 0.00393528
2000000 0.0079306
3000000 0.0117892
4000000 0.0159307
5000000 0.0197927
6000000 0.0235525
7000000 0.0277656
8000000 0.0312824
9000000 0.0354718
10000000 0.0400349
20000000 0.0789746
30000000 0.120171
40000000 0.156005
50000000 0.19725
60000000 0.234111
70000000 0.273108
80000000 0.314377
90000000 0.353897
100000000 0.394449
