1 1.0935e-05
2 1.1358e-05
3 1.2208e-05
4 1.2198e-05
5 1.2617e-05
6 1.314e-05
7 1.3719e-05
8 1.4037e-05
9 1.4483e-05
10 1.4831e-05
20 1.9415e-05
30 2.3965e-05
40 2.841e-05
50 3.2937e-05
60 3.7501e-05
70 4.2047e-05
80 4.6479e-05
90 5.0928e-05
100 5.542e-05
200 0.000100734
300 0.000145655
400 0.000190834
500 0.000253425
600 0.000281094
700 0.000326252
800 0.000371086
900 0.000416354
1000 0.000461274
2000 0.00091736
3000 0.00136651
4000 0.00183003
5000 0.00228359
6000 0.00272963
7000 0.00317757
8000 0.00364279
9000 0.00408972
10000 0.00453218
20000 0.00905948
30000 0.0135791
40000 0.0180957
50000 0.0226106
60000 0.0271256
70000 0.0316424
80000 0.0361585
90000 0.0407033
100000 0.0451897
200000 0.0903541
300000 0.135525
400000 0.180708
500000 0.225855
600000 0.271015
700000 0.316182
800000 0.3614
900000 0.406529
1000000 0.451779
2000000 0.903371
3000000 1.35505
4000000 1.80669
5000000 2.25845
6000000 2.71
7000000 3.16179
8000000 3.61355
9000000 4.065
10000000 4.517
20000000 9.03339
30000000 13.5502
40000000 18.0668
50000000 22.5835
60000000 27.0999
70000000 31.6166
80000000 36.1334
90000000 40.6506
100000000 45.1659
