1 1.5651e-05
2 2.0494e-05
3 2.5399e-05
4 3.0346e-05
5 3.4564e-05
6 4.0447e-05
7 4.5238e-05
8 5.0292e-05
9 5.5224e-05
10 5.9466e-05
20 0.000109143
30 0.000158939
40 0.000214081
50 0.000258284
60 0.000312949
70 0.000357679
80 0.000407314
90 0.00047684
100 0.000521772
200 0.00101457
300 0.00151799
400 0.00200441
500 0.00251249
600 0.00300259
700 0.00351168
800 0.00400542
900 0.00450433
1000 0.00499383
2000 0.009981
3000 0.0149623
4000 0.0199946
5000 0.0249224
6000 0.0299016
7000 0.0348803
8000 0.0398893
9000 0.0448369
10000 0.0498199
20000 0.0996278
30000 0.149407
40000 0.199202
50000 0.248992
60000 0.298794
70000 0.348581
80000 0.398369
90000 0.448176
100000 0.498023
200000 0.995934
300000 1.49391
400000 1.9919
500000 2.48971
600000 2.98773
700000 3.48567
800000 3.98365
900000 4.48193
1000000 4.97951
2000000 9.95923
3000000 14.9385
4000000 19.9184
5000000 24.8976
6000000 29.8769
7000000 34.8563
8000000 39.8357
9000000 44.8157
10000000 49.7948
20000000 99.5896
30000000 149.383
40000000 199.176
50000000 248.977
60000000 298.769
70000000 348.559
80000000 398.359
90000000 448.147
100000000 497.949
